pipex
=     pipex
        srcs/pipex.c \
111111111111
11111111111111111111111111
11111111111111111111111111
11111111111111111111111111
11111111111111111111111111
11111111111111111111111111
11111111111111111111111111
11111111111111111111111111
11111111111111111111111111
11111111111111111111111111
11111111111111111111111111
11111111111111111111111111
11111111111111111111111111
11111111111111111111111111
11111111111111111111111111
11111111111111111111111111
11111111111111111111111111
11111111111111111111111111
11111111111111111111111111
11111111111111111111111111
11111111111111111111111111
11111111111111111111111111
11111111111111111111111111
11111111111111111111111111
11111111111111111111111111
11111111111111111111111111
11111111111111111111111111
11111111111111111111111111
11111111111111111111111111
11111111111111111111111111